FileName,Compilable,Runnable,Correct
FormatConversionProvider_5,False,False,False
MixerProvider_2,False,False,False
MixerProvider_3,False,False,False
MixerProvider_4,False,False,False
